                 Estimate   Std. Error     t value      Pr(>|t|)
(Intercept)  1.133175e-01 9.541328e-03  11.8764879  2.585206e-32
aalpha      -2.187429e-02 6.000242e-03  -3.6455687  2.681551e-04
ggamma      -4.830482e-04 4.846802e-04  -0.9966330  3.189668e-01
ddelta      -4.958708e-05 6.855052e-06  -7.2336557  5.046674e-13
bbeta       -1.004102e-05 6.854270e-06  -1.4649287  1.429718e-01
ssigma      -7.598617e-04 4.847377e-04  -1.5675730  1.170125e-01
kkappa      -8.349213e-06 6.858145e-06  -1.2174156  2.234749e-01
psi         -7.354595e-04 1.281052e-03  -0.5741059  5.659090e-01
chi         -1.523144e-04 6.856337e-06 -22.2151291 9.147511e-107
rho         -4.870757e-04 4.850231e-04  -1.0042320  3.152911e-01
mmu1        -1.878224e-03 1.199342e-03  -1.5660454  1.173696e-01
mmu2         5.510169e-04 1.200826e-03   0.4588647  6.463413e-01
ssigma1     -1.217240e-03 9.598301e-04  -1.2681825  2.047623e-01
ssigma2      3.554630e-03 9.603767e-04   3.7012869  2.156613e-04
rho12        4.080304e-03 4.796324e-03   0.8507148  3.949482e-01
