0.03166427 -0.1495319 0.0001849045 1.685821e-06 -6.358429e-08
-2.208899e-05 6.81458e-08 -0.0001683738 -7.129814e-06 -3.247877e-05
0.01186271 0.03584918 0.01158739 -0.00372783 -0.01415213
0.003068723 0.001781373 0.0001592437 2.251869e-06 2.253694e-06
0.0001591355 2.254278e-06 0.0004200516 2.632735e-06 0.0001593578
0.0003943941 0.0003955022 0.0003263447 0.0003285261 0.001591141
10.31839 -83.94195 1.161141 0.7486319 -0.02821337
-0.1388061 0.03022955 -0.4008406 -2.708139 -0.2038104
30.07833 90.64218 35.5066 -11.34714 -8.894333
6.898008e-25 0 0.2456009 0.4540895 0.9774923
0.889605 0.9758843 0.6885425 0.006772965 0.8385041
1.138499e-193 0 2.148684e-266 9.817003e-30 6.460117e-19
