                 Estimate   Std. Error    t value      Pr(>|t|)
(Intercept)  1.6420668040 1.696469e-02  96.793184  0.000000e+00
aalpha      -0.6986524210 1.566706e-02 -44.593720  0.000000e+00
ggamma      -0.0095174415 1.243953e-03  -7.650966  2.170533e-14
ddelta      -0.0001725786 1.757476e-05  -9.819682  1.160874e-22
bbeta       -0.0001603447 1.758614e-05  -9.117675  9.083236e-20
ssigma      -0.0125701888 1.249034e-03 -10.063931  1.022628e-23
kkappa      -0.0001600972 1.756155e-05  -9.116349  9.194121e-20
psi         -0.0110966572 3.414791e-03  -3.249586  1.159388e-03
chi         -0.0001828620 1.759741e-05 -10.391412  3.597574e-25
rho         -0.0061281997 1.282945e-03  -4.776665  1.806507e-06
mmu1         0.1209111122 3.092116e-03  39.103034 2.932479e-312
mmu2        -0.0622219949 3.189272e-03 -19.509780  2.723108e-83
ssigma1      0.0291473216 2.461692e-03  11.840362  3.873069e-32
ssigma2     -0.0045058857 2.526978e-03  -1.783112  7.459708e-02
rho12       -0.2181239604 1.237380e-02 -17.627881  1.471575e-68
c           -0.0049172972 1.237162e-04 -39.746598 7.410985e-322
