                 Estimate   Std. Error      t value      Pr(>|t|)
(Intercept)  7.138080e-01 1.156922e-02  61.69887150  0.000000e+00
aalpha       4.530281e-02 6.762673e-03   6.69895102  2.160442e-11
ggamma       5.802679e-04 6.078746e-04   0.95458488  3.398003e-01
ddelta       1.109540e-06 8.599344e-06   0.12902608  8.973384e-01
bbeta       -1.019745e-05 8.598423e-06  -1.18596801  2.356504e-01
ssigma       8.109278e-05 6.078270e-04   0.13341426  8.938672e-01
kkappa       7.403390e-06 8.599040e-06   0.86095532  3.892740e-01
psi         -1.786036e-03 1.604682e-03  -1.11301549  2.657164e-01
chi          6.112252e-06 1.003220e-05   0.60926330  5.423575e-01
rho          4.439341e-05 6.079519e-04   0.07302125  9.417900e-01
mmu1         2.497496e-03 1.504743e-03   1.65974942  9.698205e-02
mmu2         7.757102e-03 1.504865e-03   5.15468220  2.567114e-07
ssigma1      4.652147e-02 1.203600e-03  38.65193669 3.254749e-314
ssigma2      5.474307e-02 1.203546e-03  45.48480166  0.000000e+00
rho12       -1.645988e-01 6.018610e-03 -27.34830946 2.001204e-161
