-0.01934517 0.0620142 -0.000806159 -2.590583e-05 -2.484979e-06
-0.0002273726 -1.207294e-05 -0.001155562 6.120288e-06 -2.104325e-05
-0.01510383 0.01396978 0.0009801116 0.01165332 -0.005382039
0.005988579 0.00347633 0.0003107624 4.394497e-06 4.398058e-06
0.0003105512 4.399198e-06 0.0008197261 5.137754e-06 0.0003109849
0.0007696556 0.0007718181 0.0006368581 0.000641115 0.003105093
-3.230344 17.83899 -2.594133 -5.895062 -0.5650172
-0.7321581 -2.744349 -1.409693 1.191238 -0.06766647
-19.62414 18.09984 1.53898 18.17664 -1.733294
0.001238779 1.559379e-70 0.009491161 3.816675e-09 0.5720695
0.4640822 0.006069493 0.1586486 0.2335768 0.9460519
8.438829e-85 1.546166e-72 0.123828 3.926638e-73 0.08306169
